1 10
100 200
201 210
900 1000
6324 2346
1 1
2 2
9 9
75 37
9000 10000
1 999999
90000 90001
653 458
85 475
757 57427
2457 2457
7543 754
354754 525732
32573 36576
34586 23485
24864 34284
48653 34568
48673 56865
23459 34585
24585 24585
24857 45428
17895 17853
69318 14783
85691 17638
13681 93417
13987 178930
46084 687100
68407 451451
42016 420148
45201 652036
69852 698547
68547 864759
84558 478659
86453 452314
58649 698545
854769 86548
865944 41785
698540 40986
478690 47896
698048 44869
908472 98451
498952 69854
894798 48965
498648 65048
384038 38948
865 389470
384 369842
847 864531
865 865974
357 895470
187 869687
941 840684
877 698705
698 506897
698 504868
685 408508
698 654604
651 845864
861 706786
382 781543
831 108000
658 446415
126 168421
651 545337
386 464740
173020 317
517339 576
470761 847
581330 125 
250740 549
609427 802
781274 536
491017 927
317687 204
101506 643
764040	422498
655452	505900
569394	574926
174513	444155
781052	603681
187892	990015
866524	197180
716007	473817
473902	757255
542570	566138
652997	322003
217932	616383
454464	407392
979608	775225
842851	154036
414866	974757
344428	156755
245931	172451
877248	297952
174396	693158